image: map_lidar_slam.pgm
resolution: 0.050000
origin: [-4.912132, -23.626493, 0.000000]
negate: 0
occupied_thresh: 0.65
free_thresh: 0.196

