image: map_radar_slam.pgm
resolution: 0.050000
origin: [-48.251354, -28.347378, 0.000000]
negate: 0
occupied_thresh: 0.65
free_thresh: 0.196

